935
934
547
206
216
230
393
753
757
472
832
386
221
433
517
39
122
962
686
645
957
159
435
369
588
574
771
133
693
217
931
925
390
864
550
951
316
865
886
568
745
307
212
793
396
394
161
436
893
979
49
611
828
558
755
779
587
428
914
109
432
174
461
660
495
12
744
618
86
287
730
666
506
876
857
937
696
373
923
746
427
176
180
956
62
678
203
131
728
961
215
818
142
391
46
415
50
17
694
631
318
45
101
402
464
712
906
124
175
776
991
89
69
14
636
249
831
896
606
75
82
155
281
804
379
53
632
945
765
695
237
534
291
407
309
683
449
662
625
242
682
47
150
302
500
325
35
560
422
869
557
353
357
475
328
909
351
208
134
40
365
490
474
473
901
750
774
936
493
116
350
443
890
403
343
28
650
278
271
589
56
637
6
814
590
989
677
178
484
954
663
866
679
111
284
740
24
615
282
79
675
601
759
121
502
465
185
873
598
213
930
409
628
65
897
717
892
294
245
283
420
29
612
277
337
471
209
860
410
739
819
38
786
836
580
273
627
92
823
741
226
189
731
451
791
526
840
467
761
668
238
833
330
858
884
470
172
905
244
296
306
577
18
498
567
200
102
963
885
736
128
702
314
492
960
67
986
942
250
667
385
64
875
673
108
264
497
311
198
364
292
313
315
27
572
756
147
569
375
119
15
812
633
971
450
156
689
565
160
600
118
363
70
521
412
345
685
953
648
266
491
664
246
523
139
26
146
468
254
795
861
63
288
22
488
617
476
95
820
529
297
371
505
767
333
301
520
749
850
684
240
946
218
416
839
462
424
57
458
715
543
197
382
595
983
687
466
265
104
981
704
158
882
626
630
707
195
479
290
219
642
73
157
228
127
699
540
154
894
835
36
339
834
494
387
917
647
974
463
549
726
169
853
530
806
423
486
123
932
377
21
533
163
610
599
299
514
508
173
298
251
751
431
777
585
904
546
703
676
258
939
442
826
270
103
824
268
658
863
501
708
849
918
912
747
90
152
878
532
681
457
725
968
803
66
614
913
780
544
672
719
940
927
524
582
310
924
949
384
870
61
94
809
539
528
335
190
16
843
996
106
231
541
41
32
772
992
279
727
227
919
760
690
879
729
768
1
644
481
97
398
439
903
797
222
259
752
811
193
616
136
320
60
171
862
602
460
274
414
576
781
778
559
928
229
304
138
967
115
143
145
151
510
959
624
3
352
782
586
734
845
584
348
358
381
342
792
990
399
973
943
430
926
374
98
657
188
838
286
44
253
478
889
225
72
643
993
527
929
76
680
453
911
166
211
827
773
361
355
868
542
573
669
810
140
883
655
196
483
556
716
293
958
129
9
346
762
605
168
805
705
447
988
372
511
184
263
902
285
260
597
77
437
81
257
448
997
370
880
579
356
512
88
654
434
769
262
354
411
224
19
338
583
888
640
42
842
319
670
723
459
329
790
487
970
846
233
874
317
48
515
785
907
499
149
697
144
489
13
322
975
822
380
360
117
856
872
915
641
808
162
148
552
167
456
659
509
312
93
591
948
204
994
815
709
85
236
522
594
713
112
910
20
891
551
210
581
817
223
947
239
179
855
388
308
2
763
847
766
578
243
613
429
609
794
280
395
368
201
634
813
999
733
11
261
608
344
952
367
564
619
341
107
4
419
192
362
851
976
440
207
485
55
735
513
326
132
0
130
933
754
900
120
562
718
438
944
538
783
829
269
800
830
241
571
985
52
784
8
186
916
724
477
639
452
938
548
404
656
821
841
980
33
417
10
525
255
220
305
214
651
31
561
738
881
23
798
816
408
400
125
969
807
100
347
248
441
711
758
165
742
787
620
177
623
378
877
181
51
535
737
446
110
114
87
234
691
871
775
276
621
389
383
170
922
71
536
392
887
764
801
183
545
267
825
5
275
141
496
789
182
646
854
607
688
972
272
445
665
191
78
837
59
955
671
622
706
593
555
406
359
920
153
596
507
68
743
30
700
58
321
965
413
788
300
34
661
421
80
722
941
401
482
25
256
113
332
553
303
327
418
987
844
519
84
455
1000
324
770
859
698
43
187
334
252
563
802
895
96
649
425
635
674
105
848
376
137
995
83
340
74
964
701
323
921
899
592
692
748
566
289
603
796
99
202
714
531
232
516
444
194
164
575
950
469
867
984
852
629
295
604
982
235
37
898
537
397
652
135
454
732
199
720
336
977
908
518
710
653
504
480
7
426
966
554
349
205
799
126
998
247
721
405
570
503
978
366
91
638
331